0                                                                                                              0
0                                                                                                              0
0                                                                                                              0
0                                                                                                              0
0                                                                                                              0
0                                                                                                              0
0                                                                                                              0
0                                                                                                              0
0                                                                                                              0
0                                                                                                              0
0                                                                                                              0
0                                                                                                              0
0                                                                                                              0
0                   000000                                                                                     0
0                 00000000                                                                                     0
0         0     0000000000                                                                           h         0
0       0 0   000000000000                            p0                                            eg         0
0111111111111111111111111111111111111111111111111111111111111111111111111111111111111111111111111111111111111111